Row 81: GPM (%)
  A81 = GPM (%)
  B81 = 0
  C81 = 0
  D81 = 0
  E81 = 0
  F81 = 0
  G81 = 0
  H81 = 0
  I81 = 0
  J81 = 0
  K81 = 0
  L81 = 0
  M81 = 0
  N81 = 0
  AA81 = =SUM(O81:Q81)
  AB81 = =SUM(R81:T81)
  AC81 = =SUM(U81:W81)
  AD81 = =SUM(X81:Z81)
  AE81 = =SUM(O81:Z81)
  AF81 = 0.162433165628368
  AG81 = 0.1642823891282
  AH81 = 0.157049445133312
  AI81 = 0.162153905385281
  AJ81 = 0.162612300559522
  AK81 = 0.162455335282762
  AL81 = 0.162539418334063
  AM81 = 0.162768072659464
Row 82: OPM (%)
  A82 = OPM (%)
  B82 = 0
  C82 = 0
  D82 = 0
  E82 = 0
  F82 = 0
  G82 = 0
  H82 = 0
  I82 = 0
  J82 = 0
  K82 = 0
  L82 = 0
  M82 = 0
  N82 = 0
  AA82 = =SUM(O82:Q82)
  AB82 = =SUM(R82:T82)
  AC82 = =SUM(U82:W82)
  AD82 = =SUM(X82:Z82)
  AE82 = =SUM(O82:Z82)
  AF82 = 0.102390825052922
  AG82 = 0.104240048552754
  AH82 = 0.0970071045578657
  AI82 = 0.102111564809835
  AJ82 = 0.102569959984075
  AK82 = 0.102412994707316
  AL82 = 0.102497077758617
  AM82 = 0.102725732084018
Row 83: SGA% (%)
  A83 = SGA% (%)
  B83 = 0
  C83 = 0
  D83 = 0
  E83 = 0
  F83 = 0
  G83 = 0
  H83 = 0
  I83 = 0
  J83 = 0
  K83 = 0
  L83 = 0
  M83 = 0
  N83 = 0
  AA83 = =SUM(O83:Q83)
  AB83 = =SUM(R83:T83)
  AC83 = =SUM(U83:W83)
  AD83 = =SUM(X83:Z83)
  AE83 = =SUM(O83:Z83)
  AF83 = 0.0600423405754463
  AG83 = 0.0600423405754464
  AH83 = 0.0600423405754464
  AI83 = 0.0600423405754464
  AJ83 = 0.0600423405754464
  AK83 = 0.0600423405754464
  AL83 = 0.0600423405754464
  AM83 = 0.0600423405754464

--- Key rows ---
Row 5: I. 매출액
Row 19: III. 매출총이익
Row 20: IV. 판매비와관리비
Row 53: V. 영업이익
